0, 0, 1, 4, 1, 0.100000, =>, 15, 15, 0, 0, True, 0, 9, Prd=10, 0.000, 0.000
1, 0, 1, 4, 1, 0.100000, =>, 14, 14, 1, 0, True, 10, 0, Prd=10, 1.000, 0.000
0, 1, 1, 4, 1, 0.100000, =>, 12, 12, 0, 2, True, 0, 11, Prd=10, 0.000, 2.000
1, 1, 1, 4, 1, 0.100000, =>, 11, 11, 4, 0, True, 13, 0, Prd=10, 4.000, 0.000
0, 2, 1, 4, 1, 0.100000, =>, 9, 9, 0, 6, True, 0, 15, Prd=10, 0.000, 4.000
1, 2, 1, 4, 1, 0.100000, =>, 8, 8, 10, 0, True, 19, 0, Prd=10, 5.000, 0.000
0, 3, 1, 4, 1, 0.100000, =>, 6, 6, 0, 15, True, 0, 24, Prd=10, 0.000, 6.000
1, 3, 1, 4, 1, 0.100000, =>, 5, 5, 23, 0, True, 32, 0, Prd=10, 7.000, 0.000
0, 4, 1, 4, 1, 0.100000, =>, 3, 3, 0, 39, True, 0, 48, Prd=10, 0.000, 8.000
1, 4, 1, 4, 1, 0.100000, =>, 2, 2, 0, 0, True, 0, 0, Prd=10, 0.000, 0.000
1, 4, 0, 0, 1, 0.000000, =>, 6, 4, 0, 0, True, 0, 0, Prd=1, 0.000, 0.000
